-12 -23 58 99
200
-21 -12
-29 -32
31 10
26 4
-38 -25
0 -13
-34 18
25 -31
-47 -25
22 31
40 34
-4 -33
-40 19
19 33
41 -14
7 -11
35 -12
-33 -39
-42 30
-25 -25
5 35
-35 -37
34 -44
-48 8
-25 7
37 -19
-19 -38
12 -48
15 37
29 42
9 46
-32 30
32 -35
-28 -14
-15 -21
46 43
-24 26
24 -34
33 -29
-25 -26
-41 16
38 10
21 16
-16 -22
48 40
-14 -3
6 37
-46 -22
-43 45
-4 -30
-36 7
14 -42
-23 45
-38 19
-3 8
-6 33
-33 23
21 48
-23 38
-25 6
-22 49
-26 0
-48 -43
34 -23
13 -37
11 -18
12 -39
9 -42
-21 26
-48 30
-21 -5
34 -16
37 -19
-33 -39
31 -3
2 -4
35 1
-9 7
-15 -1
10 -33
-48 36
29 40
-49 29
-42 24
36 16
36 49
41 -47
47 48
24 14
27 40
-8 -19
-12 -13
-17 -30
-43 12
11 -20
0 -2
-1 -19
-4 5
49 -18
-46 -45
11 -18
35 -39
14 21
0 13
0 19
-49 4
18 12
-46 15
36 48
6 10
10 -20
-38 31
-40 6
48 -33
-9 -7
-38 -1
-17 -3
45 -48
-48 7
10 -6
7 17
39 10
-45 -49
44 -49
-13 13
-47 -41
2 -8
23 44
49 28
44 -7
5 -39
-10 35
-20 19
36 21
-17 29
-41 -4
-23 34
1 43
12 -24
-8 -43
-44 29
-40 -45
8 25
20 -37
10 36
25 0
13 22
-42 -39
-43 37
-35 44
-39 -16
-12 0
3 -9
11 -14
-31 0
-38 -46
12 9
-16 -38
48 39
42 -33
-36 43
38 1
17 46
-6 14
-29 -25
33 -38
12 -14
6 -17
35 22
-35 -10
24 -47
13 36
-36 44
-12 -17
-11 -38
-29 -48
-48 45
13 32
-10 45
-6 12
-23 -19
0 43
16 -37
44 35
20 -24
4 -26
39 19
25 -33
31 36
5 28
9 10
13 -2
-26 21
-28 -16
-41 -5
-18 -40
-31 -3
-33 45
8 10
38 -12